/*--------------------------------*- C++ -*----------------------------------*\
| =========                 |                                                 |
| \\      /  F ield         | OpenFOAM: The Open Source CFD Toolbox           |
|  \\    /   O peration     | Version:  2.3.1                                 |
|   \\  /    A nd           | Web:      www.OpenFOAM.org                      |
|    \\/     M anipulation  |                                                 |
\*---------------------------------------------------------------------------*/
FoamFile
{
    version     2.0;
    format      ascii;
    class       regIOobject;
    location    "constant/polyMesh";
    object      faceZones;
}
// * * * * * * * * * * * * * * * * * * * * * * * * * * * * * * * * * * * * * //

3
(
outletConnectMasteroutletConnectSlave0MasterZone
{
    type faceZone;
faceLabels      List<label> 
30
(
110137
110138
110139
110140
110141
110142
110143
110144
110145
110146
110147
110148
110149
110150
110151
110152
110153
110154
110155
110156
110157
110158
110159
110160
110161
110162
110163
110164
110165
110166
)
;
flipMap         List<bool> 30{0};
}

outletConnectMasteroutletConnectSlave0SlaveZone
{
    type faceZone;
faceLabels      0();
flipMap         0();
}

outletConnectMasteroutletConnectSlave0CutFaceZone
{
    type faceZone;
faceLabels      List<label> 
266
(
660
661
662
663
664
665
797
798
799
800
801
802
937
938
939
940
941
942
1068
1069
1070
1071
1072
1073
2117
2118
2119
2120
2121
2122
2254
2255
2256
2257
2258
2259
2394
2395
2396
2397
2398
2399
2525
2526
2527
2528
2529
2530
3574
3575
3576
3577
3578
3579
3711
3712
3713
3714
3715
3716
3851
3852
3853
3854
3855
3856
3982
3983
3984
3985
3986
3987
5031
5032
5033
5034
5035
5036
5168
5169
5170
5171
5172
5173
5308
5309
5310
5311
5312
5313
5439
5440
5441
5442
5443
5444
6488
6489
6490
6491
6492
6493
6625
6626
6627
6628
6629
6630
6765
6766
6767
6768
6769
6770
6896
6897
6898
6899
6900
6901
7945
7946
7947
7948
7949
7950
8082
8083
8084
8085
8086
8087
8222
8223
8224
8225
8226
8227
8353
8354
8355
8356
8357
8358
9402
9403
9404
9405
9406
9407
9539
9540
9541
9542
9543
9544
9679
9680
9681
9682
9683
9684
9810
9811
9812
9813
9814
9815
10859
10860
10861
10862
10863
10864
10996
10997
10998
10999
11000
11001
11136
11137
11138
11139
11140
11141
11267
11268
11269
11270
11271
11272
12316
12317
12318
12319
12320
12321
12453
12454
12455
12456
12457
12458
12593
12594
12595
12596
12597
12598
12724
12725
12726
12727
12728
12729
13729
13730
13731
13732
13733
13734
13858
13859
13860
13861
13862
13863
13990
13991
13992
13993
13994
13995
14113
14114
14115
14116
14117
14118
15028
15029
15030
15136
15137
15138
15247
15248
15249
15357
15358
15359
110167
110168
110169
110170
110171
110172
110173
110174
110175
110176
110177
110178
110179
110180
)
;
flipMap         List<bool> 266{0};
}
)

// ************************************************************************* //
