/*--------------------------------*- C++ -*----------------------------------*\
| =========                 |                                                 |
| \\      /  F ield         | OpenFOAM: The Open Source CFD Toolbox           |
|  \\    /   O peration     | Version:  2.3.1                                 |
|   \\  /    A nd           | Web:      www.OpenFOAM.org                      |
|    \\/     M anipulation  |                                                 |
\*---------------------------------------------------------------------------*/
FoamFile
{
    version     2.0;
    format      ascii;
    class       regIOobject;
    location    "constant/polyMesh";
    object      faceZones;
}
// * * * * * * * * * * * * * * * * * * * * * * * * * * * * * * * * * * * * * //

3
(
outletConnectMasteroutletConnectSlave0MasterZone
{
    type faceZone;
faceLabels      List<label> 
222
(
882820
882821
882822
882823
882824
882825
882826
882827
882828
882829
882830
882831
882832
882833
882834
882835
882836
882837
882838
882839
882840
882841
882842
882843
882844
882845
882846
882847
882848
882849
882850
882851
882852
882853
882854
882855
882856
882857
882858
882859
882860
882861
882862
882863
882864
882865
882866
882867
882868
882869
882870
882871
882872
882873
882874
882875
882876
882877
882878
882879
882880
882881
882882
882883
882884
882885
882886
882887
882888
882889
882890
882891
882892
882893
882894
882895
882896
882897
882898
882899
882900
882901
882902
882903
882904
882905
882906
882907
882908
882909
882910
882911
882912
882913
882914
882915
882916
882917
882918
882919
882920
882921
882922
882923
882924
882925
882926
882927
882928
882929
882930
882931
882932
882933
882934
882935
882936
882937
882938
882939
882940
882941
882942
882943
882944
882945
882946
882947
882948
882949
882950
882951
882952
882953
882954
882955
882956
882957
882958
882959
882960
882961
882962
882963
882964
882965
882966
882967
882968
882969
882970
882971
882972
882973
882974
882975
882976
882977
882978
882979
882980
882981
882982
882983
882984
882985
882986
882987
882988
882989
882990
882991
882992
882993
882994
882995
882996
882997
882998
882999
883000
883001
883002
883003
883004
883005
883006
883007
883008
883009
883010
883011
883012
883013
883014
883015
883016
883017
883018
883019
883020
883021
883022
883023
883024
883025
883026
883027
883028
883029
883030
883031
883032
883033
883034
883035
883036
883037
883038
883039
883040
883041
)
;
flipMap         List<bool> 222{0};
}

outletConnectMasteroutletConnectSlave0SlaveZone
{
    type faceZone;
faceLabels      0();
flipMap         0();
}

outletConnectMasteroutletConnectSlave0CutFaceZone
{
    type faceZone;
faceLabels      List<label> 
278
(
39001
39002
39003
39004
39005
39006
39780
39781
39782
39783
39784
39785
40559
40560
40561
40562
40563
40564
41338
41339
41340
41341
41342
41343
48043
48044
48045
48046
48047
48048
48822
48823
48824
48825
48826
48827
49601
49602
49603
49604
49605
49606
50380
50381
50382
50383
50384
50385
57085
57086
57087
57088
57089
57090
57864
57865
57866
57867
57868
57869
58643
58644
58645
58646
58647
58648
59422
59423
59424
59425
59426
59427
66127
66128
66129
66130
66131
66132
66906
66907
66908
66909
66910
66911
67685
67686
67687
67688
67689
67690
68464
68465
68466
68467
68468
68469
75169
75170
75171
75172
75173
75174
75948
75949
75950
75951
75952
75953
76727
76728
76729
76730
76731
76732
77506
77507
77508
77509
77510
77511
84211
84212
84213
84214
84215
84216
84990
84991
84992
84993
84994
84995
85769
85770
85771
85772
85773
85774
86548
86549
86550
86551
86552
86553
93253
93254
93255
93256
93257
93258
94032
94033
94034
94035
94036
94037
94811
94812
94813
94814
94815
94816
95590
95591
95592
95593
95594
95595
102295
102296
102297
102298
102299
102300
103074
103075
103076
103077
103078
103079
103853
103854
103855
103856
103857
103858
104632
104633
104634
104635
104636
104637
111337
111338
111339
111340
111341
111342
112116
112117
112118
112119
112120
112121
112895
112896
112897
112898
112899
112900
113674
113675
113676
113677
113678
113679
120379
120380
120381
120382
120383
120384
121158
121159
121160
121161
121162
121163
121937
121938
121939
121940
121941
121942
122716
122717
122718
122719
122720
122721
129421
129422
129423
130197
130198
130199
130973
130974
130975
131749
131750
131751
883042
883043
883044
883045
883046
883047
883048
883049
883050
883051
883052
883053
883054
883055
883056
883057
883058
883059
883060
883061
883062
883063
883064
883065
883066
883067
)
;
flipMap         List<bool> 278{0};
}
)

// ************************************************************************* //
